1
4
2 3 4


2
6
2 4 6


3
3
1 2 5


4
4
4 6


5
5
5 6


6
4
2 4 5


7
5
3 4 6


8
3
1 3 5


9
4
2 3 5


10
4
1 4 5


11
4
2 4 5


12
5
2 4 5


13
2
6


14
5
2 3 4


15
3
3 6


16
3
1 3 4


17
2
3 4 


18
3
4 6


19
2
2 4


20
5
3 5 6




21
6
4 5 6


22
6
1 2 5


23
5
2 4 5
string 


24
5
1 3 5


25
6
5 6


26
4
2 3 4


27
2
3 5


28
5
2 3 5


29
5
1 4 6


30
4
2 3 4


31
4
5 6


32
4
1 2 5


33
6
1 3 5


34
5
2 4 5


35
6
3 5 6


36
4
4 5 6


37
4
2 4 5


38
3
2 6


39
5
3 4 5


40
5
2 4 6